Car -1 -1 -1.3798 600.6467 766.7296 809.4595 948.8818 1.5718 1.7389 3.8926 -2.9399 3.4603 17.9420 -1.5429 0.8099
Car -1 -1 -1.4903 841.1524 779.3750 906.9251 840.4261 1.5106 1.7896 3.7072 -2.7842 6.7066 48.4175 -1.5361 0.7950
Car -1 -1 -1.4656 764.6072 768.7711 867.6199 861.9305 1.4991 1.7670 4.1335 -3.0922 4.8344 32.5843 -1.5514 0.7898
Pedestrian -1 -1 1.2652 1232.1099 742.0153 1336.4115 973.1906 1.7643 0.6464 0.7901 2.6317 2.7557 12.2456 1.5116 0.6981
Cyclist -1 -1 -1.5400 903.8176 770.0945 962.1648 909.4730 1.7260 0.7582 1.9251 -0.3882 3.9090 21.5134 -1.5472 0.6888
Car -1 -1 -1.4870 799.9030 773.1014 884.3022 850.3316 1.5166 1.8192 3.7913 -3.0234 5.5320 38.6070 -1.5549 0.6296
Car -1 -1 -0.2112 0.0000 0.0000 1935.0000 1215.0000 1.6109 1.7843 4.6291 -2.8039 1.4926 2.0445 -1.5429 0.5895
Pedestrian -1 -1 -1.5911 1001.6574 770.8990 1035.6881 869.4721 1.6959 0.6082 0.6621 1.0371 4.3727 27.0778 -1.5388 0.5494
Car -1 -1 -1.4026 686.6650 776.8626 838.7964 909.1431 1.5520 1.7655 4.1647 -3.1542 4.2612 24.5395 -1.5249 0.5334
Pedestrian -1 -1 -4.6360 1018.3830 780.1613 1039.4777 838.0122 1.7072 0.6006 0.5976 2.0954 6.5467 46.2756 -4.5767 0.4104
Pedestrian -1 -1 1.3025 1040.3694 769.3823 1072.4535 845.8983 1.8304 0.6565 0.6817 2.3936 5.5083 37.6700 1.3807 0.3049
