Car -1 -1 -1.3575 584.0867 767.9129 801.0031 948.7007 1.5107 1.7243 3.5182 -2.9523 3.3199 17.1251 -1.5305 0.8607
Car -1 -1 -1.5080 766.0567 770.1220 867.0690 869.8140 1.5607 1.8339 4.3251 -3.0183 4.8756 31.9532 -1.5933 0.7756
Car -1 -1 -1.4796 800.7618 778.9133 889.4058 856.1514 1.4496 1.8497 3.9202 -2.8917 5.5631 37.9582 -1.5453 0.7493
Car -1 -1 -1.4358 695.7149 774.1994 846.8197 907.5616 1.5301 1.8181 4.0866 -2.9253 4.1148 23.8296 -1.5524 0.6118
Pedestrian -1 -1 1.2009 1254.0450 729.7982 1380.9375 990.2087 1.7606 0.6672 0.8311 2.5839 2.5575 10.9155 1.4738 0.6100
Car -1 -1 -1.4662 836.2842 770.3847 908.4975 833.5632 1.4976 1.8144 4.3791 -2.8011 6.3847 47.9956 -1.5131 0.5840
Pedestrian -1 -1 -4.6936 1021.0560 767.0137 1043.5986 828.6185 1.7773 0.6579 0.6189 2.1413 6.0878 45.0235 -4.6321 0.5372
Pedestrian -1 -1 -4.7194 1052.7047 771.8058 1078.2733 844.5624 1.6910 0.6162 0.6216 2.5416 5.3034 36.4385 -4.6349 0.5064
Pedestrian -1 -1 -1.5655 988.7664 770.9681 1023.8234 875.0938 1.7705 0.6104 0.5171 0.7997 4.3825 26.4682 -1.5216 0.4907
Car -1 -1 -0.4138 0.0000 644.0296 419.2758 1215.0000 1.5338 1.7288 4.5189 -2.6918 1.5967 2.6328 -1.5425 0.4859
Cyclist -1 -1 -1.5290 889.4404 771.4739 943.9475 907.6532 1.7093 0.6947 1.8838 -0.6318 3.9357 21.7649 -1.5479 0.3852
Car -1 -1 -4.1189 3.6301 767.8618 247.5535 885.6915 1.5288 1.8109 4.1265 -14.7588 4.2850 26.7007 -4.6315 0.3632
