Car -1 -1 -0.5098 0.0000 637.3456 393.5012 1215.0000 1.4841 1.7524 3.8067 -2.8146 1.5257 3.0673 -1.5376 0.8403
Car -1 -1 -1.2361 270.7188 726.7242 718.6991 1040.4532 1.4936 1.8177 3.7399 -2.9191 2.3199 10.2422 -1.5441 0.8323
Car -1 -1 -1.4723 780.1096 764.6849 880.5100 854.2325 1.5022 1.8168 4.3594 -2.9185 4.9003 34.1539 -1.5482 0.8089
Car -1 -1 -1.4898 833.0433 777.1625 899.7582 840.3120 1.4716 1.7019 3.7413 -2.8698 6.3365 45.8846 -1.5409 0.6532
Pedestrian -1 -1 -4.7742 1154.4208 741.8397 1204.7155 883.6888 1.7072 0.6044 0.6429 2.7571 3.2148 18.9287 -4.6078 0.5852
Pedestrian -1 -1 -1.5434 1040.7739 742.5640 1100.8748 909.8109 1.6527 0.5982 0.6651 1.1530 2.9135 15.6582 -1.4525 0.5776
Car -1 -1 -1.3905 607.9974 744.5430 811.1844 912.1717 1.5265 1.7756 3.8006 -2.9473 3.1419 18.2728 -1.5514 0.5252
Car -1 -1 -1.4661 807.7458 778.5786 885.9475 849.5721 1.4409 1.6889 3.7712 -3.0562 5.8077 40.5743 -1.5307 0.5129
Cyclist -1 -1 -1.4440 886.4929 748.8704 964.3951 890.1948 1.7259 0.8323 2.0132 -0.4819 3.5660 21.1487 -1.4567 0.4497
Pedestrian -1 -1 1.2833 1085.9209 767.2791 1130.4471 866.5508 1.7375 0.6592 0.6958 2.7189 4.4148 27.7199 1.3978 0.3065
