Car -1 -1 -1.3376 347.8730 748.2381 763.0550 1078.7004 1.4288 1.8106 3.7960 -2.4004 2.3986 9.8315 -1.6040 0.8313
Car -1 -1 -1.4379 762.4754 783.3335 899.5146 908.7656 1.5228 1.7614 4.2211 -2.1504 4.4812 25.7655 -1.5129 0.8119
Car -1 -1 -0.1784 0.0000 0.0000 1935.0000 1215.0000 1.4904 1.7420 3.9361 -2.6682 1.4059 1.9549 -1.5340 0.7631
Car -1 -1 -1.4995 837.0798 792.5073 920.4540 876.4038 1.5506 1.7660 3.8887 -2.0141 5.9716 37.4764 -1.5419 0.7452
Cyclist -1 -1 -1.4722 941.4815 780.7714 1019.3989 931.3014 1.7572 0.8604 1.9185 0.2867 4.0035 20.5455 -1.4454 0.6989
Pedestrian -1 -1 -1.8543 1183.8774 739.0243 1305.5172 1033.0730 1.6663 0.5845 0.6550 1.7092 2.3859 9.0852 -1.6287 0.6216
Pedestrian -1 -1 -4.9271 1428.3512 731.9997 1548.8691 1065.4153 1.7225 0.5457 0.6196 2.9160 2.3431 8.3101 -4.5224 0.6092
Pedestrian -1 -1 -4.8493 1196.9746 797.9774 1260.3707 962.0311 1.7099 0.6276 0.6289 2.9658 3.6728 16.6260 -4.6473 0.5169
Car -1 -1 -1.0376 10.3942 701.2632 364.6795 894.0295 1.9903 1.9626 4.9787 -10.0522 3.1405 19.9866 -1.5197 0.4305
Car -1 -1 -1.4877 811.4076 790.0986 913.1385 890.7955 1.5580 1.7898 4.0836 -2.0492 5.3202 31.9893 -1.5413 0.3036
