Car -1 -1 -1.3380 369.3698 758.3415 757.7165 1087.6954 1.5149 1.7780 3.6887 -2.4867 2.5975 10.2627 -1.5997 0.8658
Car -1 -1 -0.2808 0.0000 626.7314 363.3226 1215.0000 1.4822 1.7964 4.1044 -2.6591 1.4875 2.2235 -1.5400 0.8267
Car -1 -1 -1.4525 768.2724 790.2432 895.7527 915.1371 1.5951 1.7492 4.0152 -2.2115 4.7572 26.5555 -1.5269 0.7834
Car -1 -1 -1.4995 835.9294 817.3708 920.2964 902.7597 1.5375 1.8075 3.9053 -2.0489 6.6600 37.8220 -1.5419 0.7830
Cyclist -1 -1 -1.6380 936.5258 783.1766 1010.0590 932.3784 1.7710 0.9188 1.9753 0.1443 4.0898 20.8995 -1.6186 0.7613
Pedestrian -1 -1 -1.8222 1185.7528 743.4741 1301.3132 1035.0986 1.7087 0.5828 0.6748 1.7593 2.4805 9.3884 -1.5984 0.6240
Pedestrian -1 -1 0.9942 1385.1495 740.9166 1530.7166 1061.1493 1.7243 0.5521 0.6552 2.8760 2.4282 8.6989 1.3752 0.5784
Car -1 -1 -1.2090 115.9542 696.5920 400.2335 879.9395 1.9428 1.9564 4.6793 -9.2437 3.0244 20.1466 -1.6540 0.5162
Car -1 -1 -1.3985 598.6785 772.4487 825.5432 978.2330 1.5619 1.7465 3.7433 -2.5139 3.3199 15.9348 -1.5571 0.4705
Pedestrian -1 -1 1.2419 1186.5951 788.2321 1259.1838 950.5792 1.7320 0.6420 0.6850 2.9849 3.6417 17.1035 1.4395 0.4130
