Car -1 -1 -1.3167 314.6710 752.5273 756.5523 1114.0764 1.4721 1.7728 3.7365 -2.3719 2.4284 9.3143 -1.5965 0.8648
Car -1 -1 -1.4251 752.2809 784.4471 898.2858 915.8845 1.5317 1.7761 4.3314 -2.1743 4.4399 25.0382 -1.5037 0.8121
Car -1 -1 -1.5045 840.6079 803.7012 928.6112 889.7221 1.4927 1.8392 4.1688 -1.8275 6.1484 36.8296 -1.5425 0.7152
Car -1 -1 -1.4977 818.6870 790.4110 916.5701 889.3494 1.5388 1.7269 3.4454 -1.8747 5.1435 30.8282 -1.5481 0.7115
Cyclist -1 -1 -1.6594 955.7036 775.2164 1030.3904 922.1609 1.7205 0.8793 1.9612 0.4131 3.8886 20.5660 -1.6262 0.6276
Pedestrian -1 -1 -1.7531 1194.0017 742.2651 1309.2911 1054.6587 1.7176 0.5876 0.5655 1.6861 2.4270 8.7424 -1.5209 0.6005
Pedestrian -1 -1 -4.9210 1440.1353 748.1981 1577.7748 1121.3921 1.7093 0.5575 0.7399 2.7452 2.3665 7.5489 -4.4970 0.5422
Pedestrian -1 -1 1.2498 1205.2996 780.9263 1277.5914 946.8557 1.6726 0.6151 0.5950 2.9955 3.3787 16.0228 1.4615 0.5316
Car -1 -1 -1.3925 603.7377 769.8879 836.4176 979.7946 1.5451 1.7224 3.8538 -2.3756 3.2511 15.6477 -1.5452 0.3996
Car -1 -1 1.8436 96.4888 754.7656 256.8155 860.8867 1.5493 1.7677 4.0181 -15.2296 4.2759 29.2469 1.3580 0.3330
