Car -1 -1 -1.4340 728.5645 781.4166 862.1973 902.0222 1.5196 1.7515 3.7205 -2.7627 4.4011 25.6409 -1.5344 0.8427
Cyclist -1 -1 -1.5280 930.7455 763.5093 996.2368 909.0496 1.7175 0.7923 1.9563 0.0514 3.7149 20.5504 -1.5136 0.7460
Pedestrian -1 -1 1.3183 1147.9756 750.9505 1236.3278 954.4893 1.7289 0.6376 0.7728 2.0917 2.9112 13.6178 1.4971 0.6824
Car -1 -1 -1.2728 355.4098 750.2067 756.4203 1032.2275 1.4313 1.8607 4.0111 -2.8352 2.5601 11.4355 -1.5365 0.6524
Pedestrian -1 -1 1.2710 1168.5551 734.6351 1281.4142 977.0705 1.7771 0.6742 0.8639 2.0733 2.6800 11.8424 1.4755 0.6407
Pedestrian -1 -1 -4.7558 1084.7629 769.8604 1128.1974 897.2758 1.7049 0.5965 0.7414 2.0616 3.8066 21.2905 -4.6415 0.5221
Car -1 -1 -1.3900 595.9354 766.5452 797.2269 936.1172 1.5152 1.7709 3.8931 -3.1599 3.4613 18.5891 -1.5590 0.4890
Car -1 -1 -1.5037 845.0992 766.2077 922.8928 842.0873 1.5394 1.7606 3.9932 -2.0097 5.4991 39.8845 -1.5430 0.4620
Car -1 -1 -1.5000 861.5732 780.7822 928.0374 844.3708 1.4870 1.7496 3.8244 -2.0229 6.5320 46.4528 -1.5317 0.4481
Pedestrian -1 -1 -4.6722 1049.0365 784.4447 1067.5048 836.5946 1.7003 0.5982 0.6053 3.3194 7.1934 51.1513 -4.5930 0.3991
