Car -1 -1 -1.3339 515.7982 748.9455 788.5215 964.2108 1.4921 1.7336 3.8956 -2.8482 2.8692 14.6240 -1.5341 0.8526
Car -1 -1 -1.0930 0.0000 723.1073 642.7520 1211.4335 1.4529 1.8330 3.8828 -2.9053 2.0547 7.2016 -1.5469 0.8461
Car -1 -1 -1.4078 671.8184 760.1135 845.0271 913.6741 1.5925 1.7652 4.0119 -2.7525 3.6876 21.1341 -1.5337 0.8398
Car -1 -1 -1.4952 846.6495 777.9583 920.7291 847.9601 1.4890 1.7555 3.7129 -2.1311 5.9755 41.9482 -1.5346 0.8048
Cyclist -1 -1 -1.5519 951.9327 758.1704 1009.8536 904.5430 1.7389 0.7322 1.8856 0.2865 3.6486 20.4701 -1.5253 0.6864
Pedestrian -1 -1 -5.0147 1388.0874 661.2084 1595.7750 1134.1088 1.8154 0.6426 0.9207 2.2058 1.9807 6.3133 -4.5892 0.6487
Pedestrian -1 -1 -4.9757 1321.8271 710.9274 1472.4608 1069.1934 1.7684 0.6183 0.8454 2.3213 2.2567 8.0414 -4.6340 0.6328
Car -1 -1 -1.4810 814.8799 779.0131 901.2471 861.9576 1.4874 1.6882 3.6975 -2.4086 5.3558 35.6619 -1.5381 0.6069
Pedestrian -1 -1 1.2430 1142.8052 743.4392 1227.3507 932.6872 1.8256 0.6316 0.8851 2.3119 3.0945 15.5215 1.4150 0.3921
Pedestrian -1 -1 -4.7278 1046.4709 778.3245 1065.5361 838.3894 1.7782 0.5823 0.5417 2.9157 6.5307 46.0345 -4.6501 0.3743
